nParticles = 1000000
Feature Fast[3](20.0000,50.5000,69.0000)[3,3]((0.0000,0.0000,0.0000),(0.0000,5.0000,0.0000),(0.0000,0.0000,3.0000))
Feature Kalm[3](20.0000,50.5000,69.0000)[3,3]((0.0000,0.0000,0.0000),(0.0000,5.0000,0.0000),(0.0000,0.0000,3.0000))
Predict Fast[3](19.9838,50.5000,69.0000)[3,3]((1000.3621,0.0000,0.0000),(0.0000,5.0000,0.0000),(0.0000,0.0000,3.0000))
Predict Kalm[3](20.0000,50.5000,69.0000)[3,3]((1000.0000,0.0000,0.0000),(0.0000,5.0000,0.0000),(0.0000,0.0000,3.0000))
ObserveA Fast[3](20.0058,50.5029,69.0000)[3,3]((9.8829,4.9415,0.0000),(4.9415,4.9707,0.0000),(0.0000,0.0000,3.0000))
ObserveA Kalm[3](20.0000,50.5000,69.0000)[3,3]((9.9010,4.9505,0.0000),(4.9505,4.9752,0.0000),(0.0000,0.0000,3.0000))
ObserveB Fast[3](18.7596,49.8798,69.3798)[3,3]((3.7251,1.8625,1.8625),(1.8625,3.4313,0.9313),(1.8625,0.9313,2.4313))
ObserveB Kalm[3](18.7547,49.8773,69.3773)[3,3]((3.7360,1.8680,1.8680),(1.8680,3.4340,0.9340),(1.8680,0.9340,2.4340))
ObserveC Fast[3](18.8936,49.7624,69.4468)[3,3]((3.3190,2.2127,1.6595),(2.2127,3.1418,1.1063),(1.6595,1.1063,2.3298))
ObserveC Kalm[3](18.8926,49.7617,69.4463)[3,3]((3.3223,2.2148,1.6611),(2.2148,3.1432,1.1074),(1.6611,1.1074,2.3306))
Forget Fast[3](18.8936,0.0000,69.4468)[3,3]((3.3190,0.0000,1.6595),(0.0000,0.0000,0.0000),(1.6595,0.0000,2.3298))
Forget Kalm[3](18.8926,0.0000,69.4463)[3,3]((3.3223,0.0000,1.6611),(0.0000,0.0000,0.0000),(1.6611,0.0000,2.3306))
