Feature Fast[3](20.0000,50.5000,69.0000)[3,3]((0.0000,0.0000,0.0000),(0.0000,5.0000,0.0000),(0.0000,0.0000,3.0000))
Feature Kalm[3](20.0000,50.5000,69.0000)[3,3]((0.0000,0.0000,0.0000),(0.0000,5.0000,0.0000),(0.0000,0.0000,3.0000))
Predict Fast[3](20.0052,50.5000,69.0000)[3,3]((1000.4968,0.0000,0.0000),(0.0000,5.0000,0.0000),(0.0000,0.0000,3.0000))
Predict Kalm[3](20.0000,50.5000,69.0000)[3,3]((1000.0000,0.0000,0.0000),(0.0000,5.0000,0.0000),(0.0000,0.0000,3.0000))
ObserveA Fast[3](20.0089,50.5044,69.0000)[3,3]((9.9337,4.9668,-0.0000),(4.9668,4.9834,-0.0000),(-0.0000,-0.0000,3.0000))
ObserveA Kalm[3](20.0000,50.5000,69.0000)[3,3]((9.9010,4.9505,0.0000),(4.9505,4.9752,0.0000),(0.0000,0.0000,3.0000))
ObserveB Fast[3](18.7548,49.8774,69.3774)[3,3]((3.7419,1.8709,1.8709),(1.8709,3.4355,0.9355),(1.8709,0.9355,2.4355))
ObserveB Kalm[3](18.7547,49.8773,69.3773)[3,3]((3.7360,1.8680,1.8680),(1.8680,3.4340,0.9340),(1.8680,0.9340,2.4340))
ObserveC Fast[3](18.8949,49.7633,69.4475)[3,3]((3.3338,2.2225,1.6669),(2.2225,3.1484,1.1113),(1.6669,1.1113,2.3335))
ObserveC Kalm[3](18.8926,49.7617,69.4463)[3,3]((3.3223,2.2148,1.6611),(2.2148,3.1432,1.1074),(1.6611,1.1074,2.3306))
Forget Fast[3](18.8949,0.0000,69.4475)[3,3]((3.3338,0.0000,1.6669),(0.0000,0.0000,0.0000),(1.6669,0.0000,2.3335))
Forget Kalm[3](18.8926,0.0000,69.4463)[3,3]((3.3223,0.0000,1.6611),(0.0000,0.0000,0.0000),(1.6611,0.0000,2.3306))
