nParticles = 1000
Feature Fast[3](20.0000,50.5000,69.0000)[3,3]((0.0000,0.0000,0.0000),(0.0000,5.0050,0.0000),(0.0000,0.0000,3.0030))
Feature Kalm[3](20.0000,50.5000,69.0000)[3,3]((0.0000,0.0000,0.0000),(0.0000,5.0000,0.0000),(0.0000,0.0000,3.0000))
Predict Fast[3](21.1605,50.5000,69.0000)[3,3]((1028.0625,0.0000,0.0000),(0.0000,5.0050,0.0000),(0.0000,0.0000,3.0030))
Predict Kalm[3](20.0000,50.5000,69.0000)[3,3]((1000.0000,0.0000,0.0000),(0.0000,5.0000,0.0000),(0.0000,0.0000,3.0000))
ObserveA Fast[3](19.9744,50.4873,69.0000)[3,3]((10.3970,5.1934,-0.0000),(5.1934,5.1019,0.0000),(-0.0000,0.0000,3.0030))
ObserveA Kalm[3](20.0000,50.5000,69.0000)[3,3]((9.9010,4.9505,0.0000),(4.9505,4.9752,0.0000),(0.0000,0.0000,3.0000))
ObserveB Fast[3](18.5873,49.7937,69.2937)[3,3]((4.7327,2.3640,2.3640),(2.3640,3.6857,1.1820),(2.3640,1.1820,2.6847))
ObserveB Kalm[3](18.7547,49.8773,69.3773)[3,3]((3.7360,1.8680,1.8680),(1.8680,3.4340,0.9340),(1.8680,0.9340,2.4340))
ObserveC Fast[3](18.8410,49.7273,69.4205)[3,3]((4.2795,2.8503,2.1376),(2.8503,3.5705,1.4251),(2.1376,1.4251,2.5714))
ObserveC Kalm[3](18.8926,49.7617,69.4463)[3,3]((3.3223,2.2148,1.6611),(2.2148,3.1432,1.1074),(1.6611,1.1074,2.3306))
Forget Fast[3](18.8410,0.0000,69.4205)[3,3]((4.2795,0.0000,2.1376),(0.0000,0.0000,0.0000),(2.1376,0.0000,2.5714))
Forget Kalm[3](18.8926,0.0000,69.4463)[3,3]((3.3223,0.0000,1.6611),(0.0000,0.0000,0.0000),(1.6611,0.0000,2.3306))
